3 0.30874999999999997 0.6775 0.08749999999999997 0.12666599999999995
3 0.3225 0.6308335 0.0675 0.11166700000000007
3 0.4290625 0.670417 0.073125 0.12249999999999994
3 0.42781250000000004 0.6233335 0.04812500000000003 0.09666700000000006
3 0.57375 0.6275 0.06125000000000003 0.10166599999999992
3 0.6481250000000001 0.6208335 0.04874999999999996 0.09166700000000005
3 0.669375 0.64 0.05500000000000005 0.10166600000000003
3 0.7384375 0.6345835 0.046875 0.09083300000000005
3 0.753125 0.600417 0.04500000000000004 0.07750000000000001
3 0.80375 0.5983335000000001 0.03749999999999998 0.07333299999999998
3 0.825625 0.6129165 0.04250000000000009 0.089167
3 0.881875 0.609583 0.036250000000000004 0.08250000000000002
3 0.90375 0.585417 0.028749999999999942 0.0625
3 0.9393750000000001 0.5820835 0.025000000000000022 0.06583300000000003
